   0.0000000      -37.595570    
  0.10000000      -37.589127    
  0.20000000      -37.575760    
  0.30000001      -37.551792    
  0.40000001      -37.515453    
  0.50000000      -37.471172    
  0.50999999      -37.467319    
  0.51999998      -37.460751    
  0.52999997      -37.456959    
  0.53999996      -37.451500    
  0.54999995      -37.444874    
  0.55999994      -37.438480    
  0.56999993      -37.433865    
  0.57999992      -37.429634    
  0.58999991      -37.422298    
  0.59999990      -37.416409    
  0.60999990      -37.410870    
  0.61999989      -37.403885    
  0.62999988      -37.396679    
  0.63999987      -37.392124    
  0.64999986      -37.384968    
  0.65999985      -37.379017    
  0.66999984      -37.372192    
  0.67999983      -37.365265    
  0.68999982      -37.358391    
  0.69999981      -37.351204    
  0.70999980      -37.343246    
  0.71999979      -37.337543    
  0.72999978      -37.330143    
  0.73999977      -37.323967    
  0.74999976      -37.316429    
  0.75999975      -37.308300    
  0.76999974      -37.302280    
  0.77999973      -37.297852    
  0.78999972      -37.291222    
  0.79999971      -37.285095    
  0.80999970      -37.282017    
  0.81999969      -37.277836    
  0.82999969      -37.274643    
  0.83999968      -37.272167    
  0.84999967      -37.268360    
  0.85999966      -37.266254    
  0.86999965      -37.264553    
  0.87999964      -37.262245    
  0.88999963      -37.260593    
  0.89999962      -37.260155    
  0.90999961      -37.258221    
  0.91999960      -37.259586    
  0.92999959      -37.259769    
  0.93999958      -37.258690    
  0.94999957      -37.258247    
  0.95999956      -37.261837    
  0.96999955      -37.262585    
  0.97999954      -37.265285    
  0.98999953      -37.267464    
  0.99999952      -37.268787    
   1.0099995      -37.270569    
   1.1099995      -37.312840    
   1.2099996      -37.378342    
   1.3099996      -37.471928    
   1.4099996      -37.586834    
   1.5099996      -37.724159    
   1.6099997      -37.880440    
   1.7099997      -38.057564    
   1.8099997      -38.257450    
   1.9099997      -38.474941    
   2.0099998      -38.716331    
   2.1099997      -38.977005    
   2.2099996      -39.256851    
   2.3099995      -39.559467    
   2.4099994      -39.881767    
   2.5099993      -40.227787    
   2.6099992      -40.594494    
   2.7099991      -40.985817    
   2.8099990      -41.402840    
   2.9099989      -41.846714    
   3.0099988      -42.317383    
   3.1099987      -42.821388    
   3.2099986      -43.356491    
   3.3099985      -43.908550    
   3.4099984      -44.481049    
   3.5099983      -45.067867    
   3.6099982      -45.673710    
   3.7099981      -46.296982    
   3.8099980      -46.936737    
   3.9099979      -47.591446    
   4.0099978      -48.265129    
   4.1099977      -48.954876    
   4.2099977      -49.662342    
   4.3099976      -50.385979    
   4.4099975      -51.128464    
   4.5099974      -51.886673    
   4.6099973      -52.662045    
   4.7099972      -53.454575    
   4.8099971      -54.264160    
   4.9099970      -55.088493    
