   0.0000000      -37.597588    
  5.00000007E-02  -37.595417    
  0.10000000      -37.593441    
  0.15000001      -37.591789    
  0.20000000      -37.586746    
  0.25000000      -37.579823    
  0.30000001      -37.572960    
  0.35000002      -37.565208    
  0.40000004      -37.556175    
  0.45000005      -37.545753    
  0.50000006      -37.534710    
  0.55000007      -37.521126    
  0.60000008      -37.506203    
  0.65000010      -37.490372    
  0.70000011      -37.473202    
  0.75000012      -37.455864    
  0.80000013      -37.436493    
  0.85000014      -37.415615    
  0.90000015      -37.393513    
  0.95000017      -37.370544    
  0.96000016      -37.365852    
  0.97000015      -37.360058    
  0.98000014      -37.355751    
  0.99000013      -37.351452    
   1.0000001      -37.346405    
   1.0100001      -37.341736    
   1.0200001      -37.336296    
   1.0300001      -37.331387    
   1.0400001      -37.326817    
   1.0500001      -37.321434    
   1.0600001      -37.316650    
   1.0700001      -37.310806    
   1.0800000      -37.306461    
   1.0900000      -37.302650    
   1.1000000      -37.298458    
   1.1100000      -37.293011    
   1.1200000      -37.290665    
   1.1300000      -37.287876    
   1.1400000      -37.284630    
   1.1500000      -37.281200    
   1.1600000      -37.278542    
   1.2099999      -37.267250    
   1.2599999      -37.260609    
   1.3099998      -37.259964    
   1.3599998      -37.261459    
   1.4099997      -37.267624    
   1.4599997      -37.278183    
   1.5099996      -37.291019    
   1.5599996      -37.308678    
   1.6099995      -37.328300    
   1.6599995      -37.352379    
   1.7099994      -37.378521    
   1.7599994      -37.407810    
   1.8099993      -37.439659    
   1.8599993      -37.475616    
   1.9099993      -37.514145    
   1.9599992      -37.555916    
   2.0099993      -37.599747    
   2.0599992      -37.645279    
   2.1099992      -37.694874    
   2.1599991      -37.746803    
   2.2099991      -37.801643    
   2.2599990      -37.857948    
   2.3099990      -37.919262    
   2.3599989      -37.980358    
   2.4099989      -38.046505    
   2.4599988      -38.113598    
   2.5099988      -38.183601    
   2.5599988      -38.256416    
   2.6099987      -38.330666    
   2.6599987      -38.408897    
   2.7099986      -38.489941    
   2.7599986      -38.571823    
   2.8099985      -38.656631    
   2.8599985      -38.744373    
   2.9099984      -38.834404    
   2.9599984      -38.929081    
   3.0099983      -39.023441    
   3.0599983      -39.121376    
   3.1099982      -39.223312    
   3.1599982      -39.326015    
   3.2099981      -39.432823    
   3.2599981      -39.541458    
   3.3099980      -39.652424    
   3.3599980      -39.766438    
   3.4099979      -39.882336    
   3.4599979      -40.004120    
   3.5099978      -40.124966    
   3.5599978      -40.250664    
   3.6099977      -40.377888    
   3.6599977      -40.508701    
   3.7099977      -40.641285    
   3.7599976      -40.778439    
   3.8099976      -40.917835    
   3.8599975      -41.060146    
   3.9099975      -41.207710    
   3.9599974      -41.356445    
   4.0099974      -41.507175    
   4.0599976      -41.664059    
   4.1099977      -41.821960    
   4.1599979      -41.985931    
   4.2099981      -42.153114    
   4.2599983      -42.322746    
   4.3099985      -42.496120    
   4.3599987      -42.673553    
   4.4099989      -42.857288    
   4.4599991      -43.044704    
   4.5099993      -43.233578    
   4.5599995      -43.426086    
   4.6099997      -43.620995    
   4.6599998      -43.817955    
   4.7100000      -44.017578    
   4.7600002      -44.218029    
   4.8100004      -44.421280    
   4.8600006      -44.626381    
   4.9100008      -44.833965    
   4.9600010      -45.045025    
