   0.0000000      -37.596203    
  0.10000000      -37.592434    
  0.20000000      -37.575996    
  0.30000001      -37.551350    
  0.40000001      -37.516811    
  0.50000000      -37.472023    
  0.50999999      -37.466278    
  0.51999998      -37.461449    
  0.52999997      -37.456646    
  0.53999996      -37.450047    
  0.54999995      -37.444923    
  0.55999994      -37.439812    
  0.56999993      -37.434448    
  0.57999992      -37.427197    
  0.58999991      -37.421207    
  0.59999990      -37.416588    
  0.60999990      -37.409771    
  0.61999989      -37.403328    
  0.62999988      -37.397018    
  0.63999987      -37.391693    
  0.64999986      -37.385078    
  0.65999985      -37.379356    
  0.66999984      -37.372021    
  0.67999983      -37.365055    
  0.68999982      -37.357460    
  0.69999981      -37.350616    
  0.70999980      -37.344559    
  0.71999979      -37.338379    
  0.72999978      -37.329578    
  0.73999977      -37.322598    
  0.74999976      -37.315964    
  0.75999975      -37.309700    
  0.76999974      -37.302418    
  0.77999973      -37.297031    
  0.78999972      -37.290394    
  0.79999971      -37.286823    
  0.80999970      -37.281940    
  0.81999969      -37.277557    
  0.82999969      -37.274384    
  0.83999968      -37.270435    
  0.84999967      -37.268250    
  0.85999966      -37.266727    
  0.86999965      -37.265034    
  0.87999964      -37.262585    
  0.88999963      -37.260902    
  0.89999962      -37.259750    
  0.90999961      -37.259666    
  0.91999960      -37.260433    
  0.92999959      -37.258972    
  0.93999958      -37.259449    
  0.94999957      -37.260502    
  0.95999956      -37.262032    
  0.96999955      -37.261894    
  0.97999954      -37.264698    
  0.98999953      -37.266666    
  0.99999952      -37.268547    
   1.0099995      -37.270756    
   1.1099995      -37.312443    
   1.2099996      -37.380058    
   1.3099996      -37.471287    
   1.4099996      -37.585888    
   1.5099996      -37.722061    
   1.6099997      -37.879807    
   1.7099997      -38.057594    
   1.8099997      -38.257191    
   1.9099997      -38.475494    
   2.0099998      -38.715965    
   2.1099997      -38.976597    
   2.2099996      -39.257751    
   2.3099995      -39.559910    
   2.4099994      -39.883411    
   2.5099993      -40.227226    
   2.6099992      -40.596447    
   2.7099991      -40.987698    
   2.8099990      -41.404087    
   2.9099989      -41.846718    
   3.0099988      -42.316322    
   3.1099987      -42.821026    
   3.2099986      -43.355278    
   3.3099985      -43.909973    
   3.4099984      -44.480312    
   3.5099983      -45.068958    
   3.6099982      -45.673885    
   3.7099981      -46.296822    
   3.8099980      -46.935936    
   3.9099979      -47.592079    
   4.0099978      -48.264233    
   4.1099977      -48.955814    
   4.2099977      -49.663116    
   4.3099976      -50.387234    
   4.4099975      -51.128128    
   4.5099974      -51.887123    
   4.6099973      -52.661472    
   4.7099972      -53.453495    
   4.8099971      -54.262897    
   4.9099970      -55.088688    
