   0.0000000      -37.597588    
  5.00000007E-02  -37.595524    
  0.10000000      -37.593853    
  0.15000001      -37.591591    
  0.20000000      -37.586563    
  0.25000000      -37.579861    
  0.30000001      -37.572933    
  0.35000002      -37.565216    
  0.40000004      -37.555996    
  0.45000005      -37.545620    
  0.50000006      -37.534515    
  0.55000007      -37.520996    
  0.60000008      -37.506130    
  0.65000010      -37.490452    
  0.70000011      -37.473022    
  0.75000012      -37.455971    
  0.80000013      -37.436718    
  0.85000014      -37.415600    
  0.90000015      -37.393108    
  0.95000017      -37.370464    
  0.96000016      -37.366062    
  0.97000015      -37.360233    
  0.98000014      -37.356064    
  0.99000013      -37.351425    
   1.0000001      -37.346924    
   1.0100001      -37.341824    
   1.0200001      -37.336292    
   1.0300001      -37.331585    
   1.0400001      -37.326588    
   1.0500001      -37.321404    
   1.0600001      -37.316368    
   1.0700001      -37.310593    
   1.0800000      -37.305908    
   1.0900000      -37.302631    
   1.1000000      -37.298271    
   1.1100000      -37.293419    
   1.1200000      -37.290836    
   1.1300000      -37.288174    
   1.1400000      -37.284126    
   1.1500000      -37.281338    
   1.1600000      -37.278702    
   1.2099999      -37.267441    
   1.2599999      -37.260761    
   1.3099998      -37.260311    
   1.3599998      -37.262032    
   1.4099997      -37.267925    
   1.4599997      -37.277851    
   1.5099996      -37.291237    
   1.5599996      -37.309212    
   1.6099995      -37.328308    
   1.6599995      -37.352486    
   1.7099994      -37.378757    
   1.7599994      -37.409187    
   1.8099993      -37.440201    
   1.8599993      -37.476467    
   1.9099993      -37.515289    
   1.9599992      -37.556622    
   2.0099993      -37.600323    
   2.0599992      -37.646423    
   2.1099992      -37.695934    
   2.1599991      -37.747738    
   2.2099991      -37.803009    
   2.2599990      -37.859070    
   2.3099990      -37.920010    
   2.3599989      -37.981529    
   2.4099989      -38.047699    
   2.4599988      -38.114147    
   2.5099988      -38.184532    
   2.5599988      -38.257816    
   2.6099987      -38.332245    
   2.6599987      -38.410782    
   2.7099986      -38.491558    
   2.7599986      -38.573490    
   2.8099985      -38.658543    
   2.8599985      -38.746239    
   2.9099984      -38.836273    
   2.9599984      -38.930695    
   3.0099983      -39.025654    
   3.0599983      -39.123898    
   3.1099982      -39.225201    
   3.1599982      -39.328289    
   3.2099981      -39.434772    
   3.2599981      -39.544231    
   3.3099980      -39.655437    
   3.3599980      -39.769638    
   3.4099979      -39.885883    
   3.4599979      -40.006199    
   3.5099978      -40.127987    
   3.5599978      -40.253494    
   3.6099977      -40.380890    
   3.6599977      -40.511662    
   3.7099977      -40.645851    
   3.7599976      -40.782303    
   3.8099976      -40.922352    
   3.8599975      -41.064720    
   3.9099975      -41.211620    
   3.9599974      -41.360332    
   4.0099974      -41.513557    
   4.0599976      -41.667408    
   4.1099977      -41.827190    
   4.1599979      -41.989620    
   4.2099981      -42.156296    
   4.2599983      -42.326584    
   4.3099985      -42.500031    
   4.3599987      -42.677410    
   4.4099989      -42.860931    
   4.4599991      -43.046940    
   4.5099993      -43.236542    
   4.5599995      -43.429436    
   4.6099997      -43.623352    
   4.6599998      -43.820953    
   4.7100000      -44.019619    
   4.7600002      -44.220757    
   4.8100004      -44.424572    
   4.8600006      -44.629116    
   4.9100008      -44.837074    
   4.9600010      -45.048134    
