   0.0000000      -37.596237    
  0.10000000      -37.591255    
  0.20000000      -37.575935    
  0.30000001      -37.551044    
  0.40000001      -37.515694    
  0.50000000      -37.470989    
  0.50999999      -37.465656    
  0.51999998      -37.460976    
  0.52999997      -37.456005    
  0.53999996      -37.450653    
  0.54999995      -37.444805    
  0.55999994      -37.438919    
  0.56999993      -37.433208    
  0.57999992      -37.427773    
  0.58999991      -37.422203    
  0.59999990      -37.415916    
  0.60999990      -37.409569    
  0.61999989      -37.404686    
  0.62999988      -37.397949    
  0.63999987      -37.391472    
  0.64999986      -37.385098    
  0.65999985      -37.378201    
  0.66999984      -37.371868    
  0.67999983      -37.365063    
  0.68999982      -37.358315    
  0.69999981      -37.351254    
  0.70999980      -37.344902    
  0.71999979      -37.337212    
  0.72999978      -37.330147    
  0.73999977      -37.322941    
  0.74999976      -37.315468    
  0.75999975      -37.308834    
  0.76999974      -37.302605    
  0.77999973      -37.296391    
  0.78999972      -37.292046    
  0.79999971      -37.286358    
  0.80999970      -37.282562    
  0.81999969      -37.277740    
  0.82999969      -37.274616    
  0.83999968      -37.271557    
  0.84999967      -37.269207    
  0.85999966      -37.266186    
  0.86999965      -37.264175    
  0.87999964      -37.262222    
  0.88999963      -37.261166    
  0.89999962      -37.260246    
  0.90999961      -37.259743    
  0.91999960      -37.259712    
  0.92999959      -37.259266    
  0.93999958      -37.259743    
  0.94999957      -37.259960    
  0.95999956      -37.260986    
  0.96999955      -37.262726    
  0.97999954      -37.264492    
  0.98999953      -37.266354    
  0.99999952      -37.268436    
   1.0099995      -37.270950    
   1.1099995      -37.312492    
   1.2099996      -37.379852    
   1.3099996      -37.470982    
   1.4099996      -37.586014    
   1.5099996      -37.722267    
   1.6099997      -37.879566    
   1.7099997      -38.058186    
   1.8099997      -38.257172    
   1.9099997      -38.476471    
   2.0099998      -38.716091    
   2.1099997      -38.976376    
   2.2099996      -39.257442    
   2.3099995      -39.559383    
   2.4099994      -39.883110    
   2.5099993      -40.228130    
   2.6099992      -40.596088    
   2.7099991      -40.987469    
   2.8099990      -41.404373    
   2.9099989      -41.846378    
   3.0099988      -42.314213    
   3.1099987      -42.820412    
   3.2099986      -43.355556    
   3.3099985      -43.909904    
   3.4099984      -44.480911    
   3.5099983      -45.069118    
   3.6099982      -45.674126    
   3.7099981      -46.296227    
   3.8099980      -46.936085    
   3.9099979      -47.591286    
   4.0099978      -48.265156    
   4.1099977      -48.955910    
   4.2099977      -49.662537    
   4.3099976      -50.386658    
   4.4099975      -51.128315    
   4.5099974      -51.886158    
   4.6099973      -52.660927    
   4.7099972      -53.453377    
   4.8099971      -54.262909    
   4.9099970      -55.089367    
