   0.0000000      -37.595531    
  0.10000000      -37.591324    
  0.20000000      -37.576237    
  0.30000001      -37.551159    
  0.40000001      -37.515511    
  0.50000000      -37.471107    
  0.50999999      -37.465424    
  0.51999998      -37.460800    
  0.52999997      -37.456028    
  0.53999996      -37.450127    
  0.54999995      -37.444981    
  0.55999994      -37.439022    
  0.56999993      -37.433453    
  0.57999992      -37.428219    
  0.58999991      -37.422264    
  0.59999990      -37.416729    
  0.60999990      -37.410343    
  0.61999989      -37.403290    
  0.62999988      -37.397202    
  0.63999987      -37.390465    
  0.64999986      -37.385120    
  0.65999985      -37.377777    
  0.66999984      -37.372299    
  0.67999983      -37.365051    
  0.68999982      -37.358978    
  0.69999981      -37.351456    
  0.70999980      -37.344299    
  0.71999979      -37.336819    
  0.72999978      -37.330006    
  0.73999977      -37.322681    
  0.74999976      -37.315464    
  0.75999975      -37.308346    
  0.76999974      -37.301731    
  0.77999973      -37.297142    
  0.78999972      -37.291801    
  0.79999971      -37.286377    
  0.80999970      -37.282993    
  0.81999969      -37.277897    
  0.82999969      -37.274834    
  0.83999968      -37.271782    
  0.84999967      -37.269157    
  0.85999966      -37.266254    
  0.86999965      -37.263943    
  0.87999964      -37.262028    
  0.88999963      -37.261250    
  0.89999962      -37.260086    
  0.90999961      -37.259808    
  0.91999960      -37.259583    
  0.92999959      -37.259705    
  0.93999958      -37.259998    
  0.94999957      -37.259949    
  0.95999956      -37.261715    
  0.96999955      -37.262783    
  0.97999954      -37.263977    
  0.98999953      -37.266277    
  0.99999952      -37.269112    
   1.0099995      -37.270805    
   1.1099995      -37.312355    
   1.2099996      -37.380058    
   1.3099996      -37.470894    
   1.4099996      -37.585934    
   1.5099996      -37.722446    
   1.6099997      -37.879845    
   1.7099997      -38.057568    
   1.8099997      -38.256954    
   1.9099997      -38.475868    
   2.0099998      -38.716053    
   2.1099997      -38.976410    
   2.2099996      -39.257278    
   2.3099995      -39.559139    
   2.4099994      -39.882732    
   2.5099993      -40.228195    
   2.6099992      -40.595367    
   2.7099991      -40.987503    
   2.8099990      -41.404037    
   2.9099989      -41.846443    
   3.0099988      -42.315834    
   3.1099987      -42.820484    
   3.2099986      -43.355984    
   3.3099985      -43.909943    
   3.4099984      -44.480583    
   3.5099983      -45.069241    
   3.6099982      -45.674412    
   3.7099981      -46.296188    
   3.8099980      -46.935047    
   3.9099979      -47.592342    
   4.0099978      -48.264462    
   4.1099977      -48.954994    
   4.2099977      -49.662373    
   4.3099976      -50.386776    
   4.4099975      -51.127697    
   4.5099974      -51.885708    
   4.6099973      -52.661129    
   4.7099972      -53.453144    
   4.8099971      -54.262497    
   4.9099970      -55.088863    
