   0.0000000      -37.597588    
  5.00000007E-02  -37.595501    
  0.10000000      -37.594212    
  0.15000001      -37.591316    
  0.20000000      -37.586498    
  0.25000000      -37.579533    
  0.30000001      -37.573166    
  0.35000002      -37.564816    
  0.40000004      -37.556107    
  0.45000005      -37.545521    
  0.50000006      -37.534679    
  0.55000007      -37.520760    
  0.60000008      -37.505817    
  0.65000010      -37.490265    
  0.70000011      -37.472664    
  0.75000012      -37.455704    
  0.80000013      -37.436207    
  0.85000014      -37.415627    
  0.90000015      -37.393238    
  0.95000017      -37.370140    
  0.96000016      -37.365520    
  0.97000015      -37.359394    
  0.98000014      -37.355545    
  0.99000013      -37.350807    
   1.0000001      -37.345760    
   1.0100001      -37.341003    
   1.0200001      -37.335625    
   1.0300001      -37.330891    
   1.0400001      -37.325722    
   1.0500001      -37.320141    
   1.0600001      -37.314838    
   1.0700001      -37.308388    
   1.0800000      -37.304153    
   1.0900000      -37.299854    
   1.1000000      -37.294945    
   1.1100000      -37.288414    
   1.1200000      -37.285355    
   1.1300000      -37.281746    
   1.1400000      -37.277935    
   1.1500000      -37.273743    
   1.1600000      -37.270271    
   1.2099999      -37.256184    
   1.2599999      -37.246964    
   1.3099998      -37.243618    
   1.3599998      -37.242931    
   1.4099997      -37.246548    
   1.4599997      -37.254761    
   1.5099996      -37.265903    
   1.5599996      -37.281086    
   1.6099995      -37.298946    
   1.6599995      -37.321720    
   1.7099994      -37.345226    
   1.7599994      -37.374271    
   1.8099993      -37.403877    
   1.8599993      -37.438156    
   1.9099993      -37.475281    
   1.9599992      -37.515392    
   2.0099993      -37.557415    
   2.0599992      -37.601830    
   2.1099992      -37.649837    
   2.1599991      -37.699989    
   2.2099991      -37.753822    
   2.2599990      -37.808987    
   2.3099990      -37.868530    
   2.3599989      -37.928024    
   2.4099989      -37.993019    
   2.4599988      -38.057983    
   2.5099988      -38.126446    
   2.5599988      -38.198254    
   2.6099987      -38.271614    
   2.6599987      -38.347984    
   2.7099986      -38.427464    
   2.7599986      -38.507816    
   2.8099985      -38.591297    
   2.8599985      -38.677921    
   2.9099984      -38.766640    
   2.9599984      -38.859566    
   3.0099983      -38.951630    
   3.0599983      -39.049812    
   3.1099982      -39.149578    
   3.1599982      -39.250870    
   3.2099981      -39.355453    
   3.2599981      -39.462448    
   3.3099980      -39.572659    
   3.3599980      -39.684875    
   3.4099979      -39.800102    
   3.4599979      -39.918339    
   3.5099978      -40.039471    
   3.5599978      -40.162495    
   3.6099977      -40.288525    
   3.6599977      -40.418106    
   3.7099977      -40.551315    
   3.7599976      -40.686066    
   3.8099976      -40.824619    
   3.8599975      -40.965500    
   3.9099975      -41.111153    
   3.9599974      -41.258961    
   4.0099974      -41.411552    
   4.0599976      -41.564285    
   4.1099977      -41.721497    
   4.1599979      -41.885063    
   4.2099981      -42.050964    
   4.2599983      -42.220184    
   4.3099985      -42.393555    
   4.3599987      -42.571949    
   4.4099989      -42.755497    
   4.4599991      -42.940880    
   4.5099993      -43.129051    
   4.5599995      -43.320190    
   4.6099997      -43.512020    
   4.6599998      -43.708176    
   4.7100000      -43.904713    
   4.7600002      -44.103020    
   4.8100004      -44.304127    
   4.8600006      -44.507248    
   4.9100008      -44.712257    
   4.9600010      -44.920589    
