   0.0000000       1.6979328    
  0.10000000       1.6979469    
  0.20000000       1.6978934    
  0.30000001       1.6978797    
  0.40000001       1.6977624    
  0.50000000       1.6977255    
  0.50999999       1.6977106    
  0.51999998       1.6976353    
  0.52999997       1.6976401    
  0.53999996       1.6976444    
  0.54999995       1.6974496    
  0.55999994       1.6976651    
  0.56999993       1.6975204    
  0.57999992       1.6974871    
  0.58999991       1.6974463    
  0.59999990       1.6974152    
  0.60999990       1.6972997    
  0.61999989       1.6972985    
  0.62999988       1.6973299    
  0.63999987       1.6972853    
  0.64999986       1.6974089    
  0.65999985       1.6971250    
  0.66999984       1.6968238    
  0.67999983       1.6965218    
  0.68999982       1.6966114    
  0.69999981       1.6965849    
  0.70999980       1.6960030    
  0.71999979       1.6955695    
  0.72999978       1.6958175    
  0.73999977       1.6938531    
  0.74999976       1.6909888    
  0.75999975       1.6924542    
  0.76999974       1.6869744    
  0.77999973       1.6769511    
  0.78999972       1.6736457    
  0.79999971       1.6666449    
  0.80999970       1.6643554    
  0.81999969       1.6597123    
  0.82999969       1.6560286    
  0.83999968       1.6508878    
  0.84999967       1.6490449    
  0.85999966       1.6446240    
  0.86999965       1.6414596    
  0.87999964       1.6393589    
  0.88999963       1.6364340    
  0.89999962       1.6330159    
  0.90999961       1.6305988    
  0.91999960       1.6278073    
  0.92999959       1.6255349    
  0.93999958       1.6238276    
  0.94999957       1.6210319    
  0.95999956       1.6188737    
  0.96999955       1.6173316    
  0.97999954       1.6150911    
  0.98999953       1.6129463    
  0.99999952       1.6112808    
   1.0099995       1.6099300    
   1.1099995       1.5951123    
   1.2099996       1.5848951    
   1.3099996       1.5766900    
   1.4099996       1.5705417    
   1.5099996       1.5652612    
   1.6099997       1.5610663    
   1.7099997       1.5571947    
   1.8099997       1.5540143    
   1.9099997       1.5511307    
   2.0099998       1.5484933    
   2.1099997       1.5460802    
   2.2099996       1.5438042    
   2.3099995       1.5415971    
   2.4099994       1.5394815    
   2.5099993       1.5373255    
   2.6099992       1.5351887    
   2.7099991       1.5329502    
   2.8099990       1.5306114    
   2.9099989       1.5279448    
   3.0099988       1.5248510    
   3.1099987       1.5221822    
   3.2099986       1.5214633    
   3.3099985       1.5212353    
   3.4099984       1.5211166    
   3.5099983       1.5210369    
   3.6099982       1.5209812    
   3.7099981       1.5209351    
   3.8099980       1.5208944    
   3.9099979       1.5208590    
   4.0099978       1.5208311    
   4.1099977       1.5208037    
   4.2099977       1.5207812    
   4.3099976       1.5207630    
   4.4099975       1.5207512    
   4.5099974       1.5207353    
   4.6099973       1.5207256    
   4.7099972       1.5207094    
   4.8099971       1.5206959    
   4.9099970       1.5206805    
