   0.0000000       1.6979485    
  0.10000000       1.6979444    
  0.20000000       1.6979030    
  0.30000001       1.6978781    
  0.40000001       1.6978121    
  0.50000000       1.6977108    
  0.50999999       1.6976562    
  0.51999998       1.6976808    
  0.52999997       1.6976136    
  0.53999996       1.6976342    
  0.54999995       1.6976011    
  0.55999994       1.6975744    
  0.56999993       1.6975832    
  0.57999992       1.6975608    
  0.58999991       1.6975584    
  0.59999990       1.6975231    
  0.60999990       1.6974719    
  0.61999989       1.6973308    
  0.62999988       1.6973583    
  0.63999987       1.6973062    
  0.64999986       1.6972567    
  0.65999985       1.6973243    
  0.66999984       1.6972213    
  0.67999983       1.6972035    
  0.68999982       1.6970903    
  0.69999981       1.6968744    
  0.70999980       1.6967369    
  0.71999979       1.6960841    
  0.72999978       1.6956450    
  0.73999977       1.6955615    
  0.74999976       1.6913942    
  0.75999975       1.6894845    
  0.76999974       1.6874244    
  0.77999973       1.6778477    
  0.78999972       1.6720643    
  0.79999971       1.6678035    
  0.80999970       1.6633173    
  0.81999969       1.6603963    
  0.82999969       1.6554888    
  0.83999968       1.6513993    
  0.84999967       1.6480132    
  0.85999966       1.6451517    
  0.86999965       1.6419506    
  0.87999964       1.6389138    
  0.88999963       1.6361164    
  0.89999962       1.6327072    
  0.90999961       1.6312946    
  0.91999960       1.6283301    
  0.92999959       1.6260637    
  0.93999958       1.6231029    
  0.94999957       1.6212367    
  0.95999956       1.6194587    
  0.96999955       1.6169618    
  0.97999954       1.6146333    
  0.98999953       1.6132270    
  0.99999952       1.6115180    
   1.0099995       1.6095753    
   1.1099995       1.5952426    
   1.2099996       1.5847111    
   1.3099996       1.5768590    
   1.4099996       1.5704029    
   1.5099996       1.5653377    
   1.6099997       1.5609995    
   1.7099997       1.5572922    
   1.8099997       1.5540693    
   1.9099997       1.5511348    
   2.0099998       1.5484525    
   2.1099997       1.5460734    
   2.2099996       1.5437617    
   2.3099995       1.5415622    
   2.4099994       1.5394845    
   2.5099993       1.5373185    
   2.6099992       1.5351914    
   2.7099991       1.5329297    
   2.8099990       1.5305790    
   2.9099989       1.5279647    
   3.0099988       1.5246607    
   3.1099987       1.5220802    
   3.2099986       1.5214621    
   3.3099985       1.5212322    
   3.4099984       1.5211163    
   3.5099983       1.5210319    
   3.6099982       1.5209857    
   3.7099981       1.5209398    
   3.8099980       1.5208988    
   3.9099979       1.5208601    
   4.0099978       1.5208257    
   4.1099977       1.5207983    
   4.2099977       1.5207775    
   4.3099976       1.5207626    
   4.4099975       1.5207510    
   4.5099974       1.5207394    
   4.6099973       1.5207289    
   4.7099972       1.5207168    
   4.8099971       1.5207022    
   4.9099970       1.5206867    
