   0.0000000       1.6979659    
  5.00000007E-02   1.6979207    
  0.10000000       1.6979339    
  0.15000001       1.6979482    
  0.20000000       1.6979307    
  0.25000000       1.6979084    
  0.30000001       1.6979079    
  0.35000002       1.6979177    
  0.40000004       1.6978593    
  0.45000005       1.6978432    
  0.50000006       1.6978586    
  0.55000007       1.6978203    
  0.60000008       1.6977735    
  0.65000010       1.6977152    
  0.70000011       1.6976876    
  0.75000012       1.6976830    
  0.80000013       1.6976236    
  0.85000014       1.6974878    
  0.90000015       1.6972539    
  0.95000017       1.6971720    
  0.96000016       1.6969541    
  0.97000015       1.6966238    
  0.98000014       1.6963581    
  0.99000013       1.6966277    
   1.0000001       1.6966977    
   1.0100001       1.6961181    
   1.0200001       1.6960384    
   1.0300001       1.6948898    
   1.0400001       1.6943638    
   1.0500001       1.6941856    
   1.0600001       1.6928395    
   1.0700001       1.6888359    
   1.0800000       1.6859339    
   1.0900000       1.6845912    
   1.1000000       1.6808826    
   1.1100000       1.6752676    
   1.1200000       1.6723254    
   1.1300000       1.6671019    
   1.1400000       1.6653726    
   1.1500000       1.6617441    
   1.1600000       1.6586145    
   1.2099999       1.6471980    
   1.2599999       1.6358281    
   1.3099998       1.6265535    
   1.3599998       1.6187238    
   1.4099997       1.6114428    
   1.4599997       1.6061702    
   1.5099996       1.6006454    
   1.5599996       1.5961612    
   1.6099995       1.5920366    
   1.6599995       1.5882561    
   1.7099994       1.5850672    
   1.7599994       1.5818425    
   1.8099993       1.5791306    
   1.8599993       1.5763938    
   1.9099993       1.5741826    
   1.9599992       1.5719850    
   2.0099993       1.5699173    
   2.0599992       1.5681010    
   2.1099992       1.5662237    
   2.1599991       1.5647085    
   2.2099991       1.5631095    
   2.2599990       1.5615664    
   2.3099990       1.5601743    
   2.3599989       1.5589041    
   2.4099989       1.5575972    
   2.4599988       1.5563412    
   2.5099988       1.5553018    
   2.5599988       1.5541700    
   2.6099987       1.5531149    
   2.6599987       1.5520974    
   2.7099986       1.5510724    
   2.7599986       1.5500925    
   2.8099985       1.5492600    
   2.8599985       1.5483701    
   2.9099984       1.5474643    
   2.9599984       1.5465686    
   3.0099983       1.5457865    
   3.0599983       1.5449498    
   3.1099982       1.5441384    
   3.1599982       1.5433527    
   3.2099981       1.5426042    
   3.2599981       1.5418702    
   3.3099980       1.5410824    
   3.3599980       1.5403607    
   3.4099979       1.5396197    
   3.4599979       1.5388495    
   3.5099978       1.5381172    
   3.5599978       1.5373789    
   3.6099977       1.5366533    
   3.6599977       1.5359384    
   3.7099977       1.5351847    
   3.7599976       1.5344373    
   3.8099976       1.5336789    
   3.8599975       1.5329133    
   3.9099975       1.5320655    
   3.9599974       1.5313101    
   4.0099974       1.5305007    
   4.0599976       1.5297134    
   4.1099977       1.5288265    
   4.1599979       1.5279644    
   4.2099981       1.5271146    
   4.2599983       1.5260249    
   4.3099985       1.5250585    
   4.3599987       1.5238651    
   4.4099989       1.5229777    
   4.4599991       1.5224190    
   4.5099993       1.5219607    
   4.5599995       1.5217559    
   4.6099997       1.5215917    
   4.6599998       1.5214540    
   4.7100000       1.5213758    
   4.7600002       1.5212914    
   4.8100004       1.5212455    
   4.8600006       1.5211971    
   4.9100008       1.5211531    
   4.9600010       1.5211242    
