   0.0000000       1.6979415    
  0.10000000       1.6979363    
  0.20000000       1.6979126    
  0.30000001       1.6978829    
  0.40000001       1.6978126    
  0.50000000       1.6976926    
  0.50999999       1.6976880    
  0.51999998       1.6976635    
  0.52999997       1.6976758    
  0.53999996       1.6976362    
  0.54999995       1.6976216    
  0.55999994       1.6975727    
  0.56999993       1.6975583    
  0.57999992       1.6975543    
  0.58999991       1.6975422    
  0.59999990       1.6974832    
  0.60999990       1.6974941    
  0.61999989       1.6974970    
  0.62999988       1.6974123    
  0.63999987       1.6973910    
  0.64999986       1.6972494    
  0.65999985       1.6970623    
  0.66999984       1.6971967    
  0.67999983       1.6969355    
  0.68999982       1.6969364    
  0.69999981       1.6967443    
  0.70999980       1.6967322    
  0.71999979       1.6956263    
  0.72999978       1.6955992    
  0.73999977       1.6954653    
  0.74999976       1.6937952    
  0.75999975       1.6900887    
  0.76999974       1.6831161    
  0.77999973       1.6787533    
  0.78999972       1.6720369    
  0.79999971       1.6704420    
  0.80999970       1.6638777    
  0.81999969       1.6594080    
  0.82999969       1.6556480    
  0.83999968       1.6522564    
  0.84999967       1.6487023    
  0.85999966       1.6452479    
  0.86999965       1.6422875    
  0.87999964       1.6388518    
  0.88999963       1.6361278    
  0.89999962       1.6332546    
  0.90999961       1.6303846    
  0.91999960       1.6279552    
  0.92999959       1.6261411    
  0.93999958       1.6235480    
  0.94999957       1.6214538    
  0.95999956       1.6191502    
  0.96999955       1.6170263    
  0.97999954       1.6149127    
  0.98999953       1.6132722    
  0.99999952       1.6114486    
   1.0099995       1.6099316    
   1.1099995       1.5953239    
   1.2099996       1.5847892    
   1.3099996       1.5769396    
   1.4099996       1.5704683    
   1.5099996       1.5653411    
   1.6099997       1.5609612    
   1.7099997       1.5572748    
   1.8099997       1.5540322    
   1.9099997       1.5511526    
   2.0099998       1.5485104    
   2.1099997       1.5460262    
   2.2099996       1.5437787    
   2.3099995       1.5416019    
   2.4099994       1.5394313    
   2.5099993       1.5373237    
   2.6099992       1.5352052    
   2.7099991       1.5329403    
   2.8099990       1.5305699    
   2.9099989       1.5278927    
   3.0099988       1.5244960    
   3.1099987       1.5220648    
   3.2099986       1.5214659    
   3.3099985       1.5212408    
   3.4099984       1.5211077    
   3.5099983       1.5210286    
   3.6099982       1.5209833    
   3.7099981       1.5209439    
   3.8099980       1.5208997    
   3.9099979       1.5208586    
   4.0099978       1.5208206    
   4.1099977       1.5207942    
   4.2099977       1.5207735    
   4.3099976       1.5207613    
   4.4099975       1.5207506    
   4.5099974       1.5207415    
   4.6099973       1.5207312    
   4.7099972       1.5207177    
   4.8099971       1.5207028    
   4.9099970       1.5206884    
