   0.0000000       1.6979659    
  5.00000007E-02   1.6979274    
  0.10000000       1.6979504    
  0.15000001       1.6979415    
  0.20000000       1.6979260    
  0.25000000       1.6978952    
  0.30000001       1.6979047    
  0.35000002       1.6979060    
  0.40000004       1.6978623    
  0.45000005       1.6978506    
  0.50000006       1.6978663    
  0.55000007       1.6978532    
  0.60000008       1.6977842    
  0.65000010       1.6977183    
  0.70000011       1.6976833    
  0.75000012       1.6976866    
  0.80000013       1.6975826    
  0.85000014       1.6975000    
  0.90000015       1.6972678    
  0.95000017       1.6970783    
  0.96000016       1.6969141    
  0.97000015       1.6967341    
  0.98000014       1.6964650    
  0.99000013       1.6967775    
   1.0000001       1.6966497    
   1.0100001       1.6960580    
   1.0200001       1.6963218    
   1.0300001       1.6952746    
   1.0400001       1.6944730    
   1.0500001       1.6949754    
   1.0600001       1.6916904    
   1.0700001       1.6880469    
   1.0800000       1.6908579    
   1.0900000       1.6840823    
   1.1000000       1.6801049    
   1.1100000       1.6753558    
   1.1200000       1.6718388    
   1.1300000       1.6669613    
   1.1400000       1.6654655    
   1.1500000       1.6620060    
   1.1600000       1.6588897    
   1.2099999       1.6469216    
   1.2599999       1.6355977    
   1.3099998       1.6263362    
   1.3599998       1.6187620    
   1.4099997       1.6115555    
   1.4599997       1.6062467    
   1.5099996       1.6006763    
   1.5599996       1.5960525    
   1.6099995       1.5920769    
   1.6599995       1.5882517    
   1.7099994       1.5849845    
   1.7599994       1.5818300    
   1.8099993       1.5790923    
   1.8599993       1.5763826    
   1.9099993       1.5741690    
   1.9599992       1.5719918    
   2.0099993       1.5699331    
   2.0599992       1.5681276    
   2.1099992       1.5662404    
   2.1599991       1.5647228    
   2.2099991       1.5631399    
   2.2599990       1.5615618    
   2.3099990       1.5601856    
   2.3599989       1.5588844    
   2.4099989       1.5575734    
   2.4599988       1.5563203    
   2.5099988       1.5553049    
   2.5599988       1.5541776    
   2.6099987       1.5531206    
   2.6599987       1.5520859    
   2.7099986       1.5510491    
   2.7599986       1.5501251    
   2.8099985       1.5492448    
   2.8599985       1.5483596    
   2.9099984       1.5474808    
   2.9599984       1.5465491    
   3.0099983       1.5458018    
   3.0599983       1.5449589    
   3.1099982       1.5441420    
   3.1599982       1.5433420    
   3.2099981       1.5425941    
   3.2599981       1.5418879    
   3.3099980       1.5410854    
   3.3599980       1.5403366    
   3.4099979       1.5395979    
   3.4599979       1.5388454    
   3.5099978       1.5381132    
   3.5599978       1.5373911    
   3.6099977       1.5366635    
   3.6599977       1.5359229    
   3.7099977       1.5351756    
   3.7599976       1.5344342    
   3.8099976       1.5336469    
   3.8599975       1.5328795    
   3.9099975       1.5320516    
   3.9599974       1.5313238    
   4.0099974       1.5304561    
   4.0599976       1.5296979    
   4.1099977       1.5287633    
   4.1599979       1.5279404    
   4.2099981       1.5270704    
   4.2599983       1.5260144    
   4.3099985       1.5250928    
   4.3599987       1.5237769    
   4.4099989       1.5228143    
   4.4599991       1.5223925    
   4.5099993       1.5219642    
   4.5599995       1.5217390    
   4.6099997       1.5215938    
   4.6599998       1.5214485    
   4.7100000       1.5213720    
   4.7600002       1.5212876    
   4.8100004       1.5212442    
   4.8600006       1.5211935    
   4.9100008       1.5211468    
   4.9600010       1.5211216    
