   0.0000000       1.6978106    
  0.10000000       1.6978571    
  0.20000000       1.6978209    
  0.30000001       1.6978106    
  0.40000001       1.6975950    
  0.50000000       1.6975203    
  0.50999999       1.6975468    
  0.51999998       1.6974547    
  0.52999997       1.6974378    
  0.53999996       1.6974330    
  0.54999995       1.6973623    
  0.55999994       1.6974763    
  0.56999993       1.6974839    
  0.57999992       1.6974430    
  0.58999991       1.6970705    
  0.59999990       1.6973274    
  0.60999990       1.6970025    
  0.61999989       1.6970186    
  0.62999988       1.6970500    
  0.63999987       1.6968822    
  0.64999986       1.6962059    
  0.65999985       1.6960524    
  0.66999984       1.6967498    
  0.67999983       1.6965998    
  0.68999982       1.6954732    
  0.69999981       1.6953187    
  0.70999980       1.6948776    
  0.71999979       1.6949767    
  0.72999978       1.6934738    
  0.73999977       1.6916059    
  0.74999976       1.6898254    
  0.75999975       1.6881893    
  0.76999974       1.6887376    
  0.77999973       1.6807263    
  0.78999972       1.6759088    
  0.79999971       1.6666874    
  0.80999970       1.6652257    
  0.81999969       1.6586283    
  0.82999969       1.6555970    
  0.83999968       1.6513605    
  0.84999967       1.6494918    
  0.85999966       1.6453940    
  0.86999965       1.6407439    
  0.87999964       1.6392921    
  0.88999963       1.6371861    
  0.89999962       1.6337671    
  0.90999961       1.6308624    
  0.91999960       1.6274573    
  0.92999959       1.6258430    
  0.93999958       1.6234714    
  0.94999957       1.6203907    
  0.95999956       1.6188561    
  0.96999955       1.6165196    
  0.97999954       1.6152003    
  0.98999953       1.6135575    
  0.99999952       1.6115365    
   1.0099995       1.6099524    
   1.1099995       1.5952824    
   1.2099996       1.5850245    
   1.3099996       1.5767229    
   1.4099996       1.5705162    
   1.5099996       1.5652486    
   1.6099997       1.5610496    
   1.7099997       1.5572386    
   1.8099997       1.5539911    
   1.9099997       1.5511433    
   2.0099998       1.5485173    
   2.1099997       1.5460570    
   2.2099996       1.5437648    
   2.3099995       1.5416124    
   2.4099994       1.5394089    
   2.5099993       1.5373819    
   2.6099992       1.5351048    
   2.7099991       1.5329103    
   2.8099990       1.5306027    
   2.9099989       1.5279677    
   3.0099988       1.5249019    
   3.1099987       1.5223061    
   3.2099986       1.5215101    
   3.3099985       1.5212488    
   3.4099984       1.5211154    
   3.5099983       1.5210385    
   3.6099982       1.5209767    
   3.7099981       1.5209314    
   3.8099980       1.5208905    
   3.9099979       1.5208631    
   4.0099978       1.5208347    
   4.1099977       1.5208083    
   4.2099977       1.5207844    
   4.3099976       1.5207690    
   4.4099975       1.5207503    
   4.5099974       1.5207324    
   4.6099973       1.5207198    
   4.7099972       1.5207050    
   4.8099971       1.5206876    
   4.9099970       1.5206770    
