   0.0000000       1.6979659    
  5.00000007E-02   1.6979232    
  0.10000000       1.6979500    
  0.15000001       1.6979482    
  0.20000000       1.6979200    
  0.25000000       1.6979036    
  0.30000001       1.6979098    
  0.35000002       1.6979066    
  0.40000004       1.6978555    
  0.45000005       1.6978431    
  0.50000006       1.6978632    
  0.55000007       1.6978296    
  0.60000008       1.6977848    
  0.65000010       1.6977248    
  0.70000011       1.6976818    
  0.75000012       1.6976740    
  0.80000013       1.6975912    
  0.85000014       1.6974951    
  0.90000015       1.6972055    
  0.95000017       1.6970009    
  0.96000016       1.6970299    
  0.97000015       1.6966095    
  0.98000014       1.6962117    
  0.99000013       1.6965719    
   1.0000001       1.6964741    
   1.0100001       1.6963370    
   1.0200001       1.6961721    
   1.0300001       1.6943046    
   1.0400001       1.6949155    
   1.0500001       1.6948922    
   1.0600001       1.6931374    
   1.0700001       1.6882321    
   1.0800000       1.6846783    
   1.0900000       1.6828752    
   1.1000000       1.6806277    
   1.1100000       1.6752886    
   1.1200000       1.6720693    
   1.1300000       1.6676075    
   1.1400000       1.6652857    
   1.1500000       1.6617863    
   1.1600000       1.6591196    
   1.2099999       1.6469351    
   1.2599999       1.6358005    
   1.3099998       1.6262115    
   1.3599998       1.6187500    
   1.4099997       1.6115183    
   1.4599997       1.6061449    
   1.5099996       1.6007426    
   1.5599996       1.5960600    
   1.6099995       1.5920222    
   1.6599995       1.5882603    
   1.7099994       1.5849390    
   1.7599994       1.5818480    
   1.8099993       1.5790982    
   1.8599993       1.5764199    
   1.9099993       1.5742507    
   1.9599992       1.5720118    
   2.0099993       1.5699270    
   2.0599992       1.5681078    
   2.1099992       1.5662228    
   2.1599991       1.5647143    
   2.2099991       1.5631332    
   2.2599990       1.5615597    
   2.3099990       1.5601937    
   2.3599989       1.5588902    
   2.4099989       1.5575703    
   2.4599988       1.5563149    
   2.5099988       1.5552999    
   2.5599988       1.5541553    
   2.6099987       1.5531044    
   2.6599987       1.5520749    
   2.7099986       1.5510855    
   2.7599986       1.5501319    
   2.8099985       1.5492339    
   2.8599985       1.5483464    
   2.9099984       1.5474554    
   2.9599984       1.5465400    
   3.0099983       1.5457892    
   3.0599983       1.5449463    
   3.1099982       1.5441408    
   3.1599982       1.5433486    
   3.2099981       1.5426084    
   3.2599981       1.5418800    
   3.3099980       1.5410887    
   3.3599980       1.5403383    
   3.4099979       1.5395950    
   3.4599979       1.5388552    
   3.5099978       1.5380994    
   3.5599978       1.5373986    
   3.6099977       1.5366421    
   3.6599977       1.5359237    
   3.7099977       1.5351592    
   3.7599976       1.5344242    
   3.8099976       1.5336509    
   3.8599975       1.5328823    
   3.9099975       1.5320427    
   3.9599974       1.5313042    
   4.0099974       1.5304652    
   4.0599976       1.5296841    
   4.1099977       1.5288193    
   4.1599979       1.5279299    
   4.2099981       1.5270536    
   4.2599983       1.5260160    
   4.3099985       1.5250069    
   4.3599987       1.5237377    
   4.4099989       1.5229517    
   4.4599991       1.5224082    
   4.5099993       1.5219774    
   4.5599995       1.5217531    
   4.6099997       1.5215843    
   4.6599998       1.5214499    
   4.7100000       1.5213648    
   4.7600002       1.5212857    
   4.8100004       1.5212458    
   4.8600006       1.5211911    
   4.9100008       1.5211518    
   4.9600010       1.5211232    
